2.755382061004638672e-01
-7.699405401945114136e-02
-2.484947741031646729e-01
-1.752407401800155640e-01
1.196440234780311584e-01
1.310009602457284927e-02
-4.877023771405220032e-02
2.329098880290985107e-01
-1.025084108114242554e-01
1.163268387317657471e-01
3.770880401134490967e-01
1.729157269001007080e-01
4.992187023162841797e-03
5.052745938301086426e-01
7.827509939670562744e-02
4.379376173019409180e-01
4.829522669315338135e-01
1.876371353864669800e-01
3.017351031303405762e-03
1.860928535461425781e-01
-1.721225976943969727e-01
1.645786613225936890e-01
-4.717667773365974426e-02
-1.925449371337890625e-01
1.345496624708175659e-01
-2.065596580505371094e-01
-2.567431926727294922e-01
-3.769536688923835754e-02
-1.349727809429168701e-01
1.969298571348190308e-01
1.674362719058990479e-01
3.349134922027587891e-01
-1.352576613426208496e-01
-1.633875221014022827e-01
1.554423421621322632e-01
2.623393535614013672e-01
-1.101120188832283020e-01
-4.113711044192314148e-02
9.106254577636718750e-02
-8.176428079605102539e-02
2.469388991594314575e-01
-9.461870789527893066e-02
-6.719788908958435059e-02
-2.789698243141174316e-01
-5.505080893635749817e-02
8.310750871896743774e-02
-2.719263732433319092e-01
-5.133769661188125610e-02
-3.108892142772674561e-01
-2.188662439584732056e-01
2.699871957302093506e-01
-1.183265894651412964e-01
-1.974722594022750854e-01
1.726928651332855225e-01
-2.197555899620056152e-01
9.733033925294876099e-02
7.841933518648147583e-02
-2.734129130840301514e-01
-1.631212979555130005e-01
-1.787225902080535889e-01
-2.888414561748504639e-01
1.184917911887168884e-01
-7.370354235172271729e-02
-5.396349355578422546e-03
2.107442170381546021e-01
3.887810111045837402e-01
3.035632371902465820e-01
5.224121212959289551e-01
1.138244643807411194e-01
5.148613452911376953e-01
5.520718693733215332e-01
3.780664205551147461e-01
-2.522923238575458527e-02
-2.487246878445148468e-02
1.678410619497299194e-01
-3.058420419692993164e-01
-1.751518063247203827e-02
-1.017465665936470032e-01
-2.230229526758193970e-01
3.524560332298278809e-01
1.703064143657684326e-01
7.293129712343215942e-02
-2.920274138450622559e-01
-1.965546160936355591e-01
1.720742583274841309e-01
-3.863696008920669556e-02
-1.074641272425651550e-01
1.030030548572540283e-01
-6.374313682317733765e-02
-7.385644596070051193e-03
-1.329024285078048706e-01
3.214698731899261475e-01
2.887372374534606934e-01
4.383579790592193604e-01
4.596759006381034851e-02
-2.263644933700561523e-01
2.546416521072387695e-01
3.405768051743507385e-02
-1.204019859433174133e-01
3.452364802360534668e-01
-1.797337830066680908e-01
-2.781874835491180420e-01
-3.538188338279724121e-02
-2.944721281528472900e-01
1.982714086771011353e-01
2.852786779403686523e-01
-3.219417631626129150e-01
2.120364457368850708e-02
-1.565264463424682617e-01
2.627621591091156006e-01
2.475191056728363037e-01
-3.122852742671966553e-01
-2.428579628467559814e-01
-1.593263000249862671e-01
2.382947802543640137e-01
2.250403016805648804e-01
-3.044181875884532928e-02
-1.363635361194610596e-01
-3.194117844104766846e-01
6.216476485133171082e-02
-8.315328508615493774e-02
2.308086007833480835e-01
1.401317678391933441e-02
-2.930999696254730225e-01
-2.788205146789550781e-01
-8.868452161550521851e-02
-2.787936329841613770e-01
-2.651741728186607361e-02
3.312003314495086670e-01
2.701147794723510742e-01
-2.302825748920440674e-01
-1.187327131628990173e-01
3.128732144832611084e-01
2.494058012962341309e-01
3.670505285263061523e-01
2.788560986518859863e-01
1.261405348777770996e-01
1.858912557363510132e-01
3.285243511199951172e-01
4.311378300189971924e-01
1.012807339429855347e-01
-9.443567693233489990e-02
-7.738092541694641113e-02
3.981009721755981445e-01
3.125554323196411133e-01
-1.791714876890182495e-01
-1.386787295341491699e-01
2.312738150358200073e-01
-1.547017097473144531e-01
1.754457317292690277e-02
-2.440488338470458984e-01
6.225358694791793823e-02
-2.437361478805541992e-01
8.784088492393493652e-02
2.538129389286041260e-01
-1.073914114385843277e-02
-2.187685109674930573e-02
-2.693931162357330322e-01
3.506114780902862549e-01
-4.292474687099456787e-02
-1.731025129556655884e-01
-1.569364219903945923e-01
-6.725466251373291016e-02
2.406689971685409546e-01
-1.118650585412979126e-01
-1.952283084392547607e-01
3.598627746105194092e-01
3.266914486885070801e-01
-1.658170968294143677e-01
-1.771801151335239410e-02
3.697944581508636475e-01
8.972159121185541153e-04
4.627508111298084259e-03
1.299616992473602295e-01
1.616774052381515503e-01
-5.453097075223922729e-02
-8.596100658178329468e-02
-2.724174857139587402e-01
9.174323640763759613e-03
-3.183927386999130249e-02
-7.696405798196792603e-02
-1.308039203286170959e-02
3.829457759857177734e-01
4.505138397216796875e-01
4.874968230724334717e-01
2.973941266536712646e-01
1.418905854225158691e-01
2.122827321290969849e-01
3.818371593952178955e-01
1.573840230703353882e-01
4.364815950393676758e-01
2.362522780895233154e-01
4.380808174610137939e-01
4.106381535530090332e-01
-8.631801605224609375e-02
2.118902802467346191e-01
3.667658567428588867e-01
4.187772274017333984e-01
2.942124009132385254e-01
3.793779313564300537e-01
-2.234106212854385376e-01
3.457335531711578369e-01
3.016268648207187653e-02
3.531078696250915527e-01
3.619223237037658691e-01
3.560734391212463379e-01
-1.601936817169189453e-01
4.552778974175453186e-02
2.644670009613037109e-01
3.471545875072479248e-01
4.998180270195007324e-01
2.241256833076477051e-01
3.112333714962005615e-01
2.505122311413288116e-02
4.773423075675964355e-01
-4.034735262393951416e-02
-1.022434756159782410e-01
4.298197925090789795e-01
1.071515530347824097e-01
3.797667324542999268e-01
4.222047626972198486e-01
-2.371356934309005737e-01
3.077322244644165039e-01
-1.568238288164138794e-01
-1.044148206710815430e-01
3.247112035751342773e-01
-2.781224846839904785e-01
2.428554892539978027e-01
-4.017740860581398010e-02
-1.713093668222427368e-01
-3.042320907115936279e-01
-3.310634493827819824e-01
5.699216201901435852e-02
-2.349987626075744629e-01
-2.601889669895172119e-01
-5.092660337686538696e-02
3.430804908275604248e-01
-3.308948874473571777e-02
3.827761411666870117e-01
1.945998668670654297e-01
1.550614535808563232e-01
9.803100489079952240e-03
-1.685298979282379150e-01
-1.233830954879522324e-02
4.507663547992706299e-01
3.858823478221893311e-01
5.356076359748840332e-02
2.313471958041191101e-02
3.918546736240386963e-01
3.799644410610198975e-01
4.151013791561126709e-01
4.495496451854705811e-01
2.910001575946807861e-01
1.735403388738632202e-01
3.745251893997192383e-01
2.927455902099609375e-01
2.482262998819351196e-01
4.406202137470245361e-01
4.086057543754577637e-01
1.355576701462268829e-02
2.259214520454406738e-01
1.128827482461929321e-01
1.811646074056625366e-01
-9.340859204530715942e-02
3.595527410507202148e-01
-2.711483538150787354e-01
-6.288002431392669678e-02
-1.324349939823150635e-01
-3.263748288154602051e-01
3.963546082377433777e-02
-1.983453631401062012e-01
2.493094056844711304e-01
2.552394866943359375e-01
-2.165441960096359253e-01
3.960104584693908691e-01
2.474780566990375519e-02
1.074615642428398132e-01
4.388719797134399414e-01
4.308631122112274170e-01
-8.661934733390808105e-02
1.764244884252548218e-01
1.240980550646781921e-01
2.371612340211868286e-01
7.255110144615173340e-02
3.502082824707031250e-01
1.309920400381088257e-01
3.116348385810852051e-01
4.774667695164680481e-02
